0 000000
1 000001
2 000002
3 000003
4 000004
5 000005
6 000006
7 000007
8 000008
9 000009
10 000010
11 000011
12 000012
13 000013
14 000014
15 000015
16 000016
17 000017
18 000018
19 000019
20 000020
21 000021
22 000022
23 000023
24 000024
25 000025
26 000026
27 000027
28 000028
29 000029
30 000030
31 000031
32 000032
33 000033
34 000034
35 000035
36 000036
37 000037
38 000038
39 000039
40 000040
41 000041
42 000042
43 000043
44 000044
45 000045
46 000046
47 000047
48 000048
49 000049
50 000050
51 000051
52 000052
53 000053
54 000054
55 000055
56 000056
57 000057
58 000058
59 000059
60 000060
61 000061
62 000062
63 000063
64 000064
65 000065
66 000066
67 000067
68 000068
69 000069
70 000070
71 000071
72 000072
73 000073
74 000074
75 000075
76 000076
77 000077
78 000078
79 000079
80 000080
81 000081
82 000082
83 000083
84 000084
85 000085
86 000086
87 000087
88 000088
89 000089
90 000090
91 000091
92 000092
93 000093
94 000094
95 000095
96 000096
97 000097
98 000098
99 000099
100 000100
101 000101
102 000102
103 000103
104 000104
105 000105
106 000106
107 000107
108 000108
109 000109
110 000110
111 000111
112 000112
113 000113
114 000114
115 000115
116 000116
117 000117
118 000118
119 000119
120 000120
121 000121
122 000122
123 000123
124 000124
125 000125
126 000126
127 000127
128 000128
129 000129
130 000130
131 000131
132 000132
133 000133
134 000134
135 000135
136 000136
137 000137
138 000138
139 000139
140 000140
141 000141
142 000142
143 000143
144 000144
145 000145
146 000146
147 000147
148 000148
149 000149
150 000150
151 000151
152 000152
153 000153
154 000154
155 000155
156 000156
157 000157
158 000158
159 000159
160 000160
161 000161
162 000162
163 000163
164 000164
165 000165
166 000166
167 000167
168 000168
169 000169
170 000170
171 000171
172 000172
173 000173
174 000174
175 000175
176 000176
177 000177
178 000178
179 000179
180 000180
181 000181
182 000182
183 000183
184 000184
185 000185
186 000186
187 000187
188 000188
189 000189
190 000190
191 000191
192 000192
193 000193
194 000194
195 000195
196 000196
197 000197
198 000198
199 000199
200 000200
201 000201
202 000202
203 000203
204 000204
205 000205
206 000206
207 000207
208 000208
209 000209
210 000210
211 000211
212 000212
213 000213
214 000214
215 000215
216 000216
217 000217
218 000218
219 000219
220 000220
221 000221
222 000222
223 000223
224 000224
225 000225
226 000226
227 000227
228 000228
229 000229
230 000230
231 000231
232 000232
233 000233
234 000234
235 000235
236 000236
237 000237
238 000238
239 000239
240 000240
241 000241
242 000242
243 000243
244 000244
245 000245
246 000246
247 000247
248 000248
249 000249
250 000250
251 000251
252 000252
253 000253
254 000254
255 000255
256 000256
257 000257
258 000258
259 000259
260 000260
261 000261
262 000262
263 000263
264 000264
265 000265
266 000266
267 000267
268 000268
269 000269
270 000270
271 000271
272 000272
273 000273
274 000274
275 000275
276 000276
277 000277
278 000278
279 000279
280 000280
281 000281
282 000282
283 000283
284 000284
285 000285
286 000286
287 000287
288 000288
289 000289
290 000290
291 000291
292 000292
293 000293
294 000294
295 000295
296 000296
297 000297
298 000298
299 000299
300 000300
301 000301
302 000302
303 000303
304 000304
305 000305
306 000306
307 000307
308 000308
309 000309
310 000310
311 000311
312 000312
313 000313
314 000314
315 000315
316 000316
317 000317
318 000318
319 000319
320 000320
321 000321
322 000322
323 000323
324 000324
325 000325
326 000326
327 000327
328 000328
329 000329
330 000330
331 000331
332 000332
333 000333
334 000334
335 000335
336 000336
337 000337
338 000338
339 000339
340 000340
341 000341
342 000342
343 000343
344 000344
345 000345
346 000346
347 000347
348 000348
349 000349
350 000350
351 000351
352 000352
353 000353
354 000354
355 000355
356 000356
357 000357
358 000358
359 000359
360 000360
361 000361
362 000362
363 000363
364 000364
365 000365
366 000366
367 000367
368 000368
369 000369
370 000370
371 000371
372 000372
373 000373
374 000374
375 000375
376 000376
377 000377
378 000378
379 000379
380 000380
381 000381
382 000382
383 000383
384 000384
385 000385
386 000386
387 000387
388 000388
389 000389
390 000390
391 000391
392 000392
393 000393
394 000394
395 000395
396 000396
397 000397
398 000398
399 000399
400 000400
401 000401
402 000402
403 000403
404 000404
405 000405
406 000406
407 000407
408 000408
409 000409
410 000410
411 000411
412 000412
413 000413
414 000414
415 000415
416 000416
417 000417
418 000418
419 000419
420 000420
421 000421
422 000422
423 000423
424 000424
425 000425
426 000426
427 000427
428 000428
429 000429
430 000430
431 000431
432 000432
433 000433
434 000434
435 000435
436 000436
437 000437
438 000438
439 000439
440 000440
441 000441
442 000442
443 000443
444 000444
445 000445
446 000446
447 000447
448 000448
449 000449
450 000450
451 000451
452 000452
453 000453
454 000454
455 000455
456 000456
457 000457
458 000458
459 000459
460 000460
461 000461
462 000462
463 000463
464 000464
465 000465
466 000466
467 000467
468 000468
469 000469
470 000470
471 000471
472 000472
473 000473
474 000474
475 000475
476 000476
477 000477
478 000478
479 000479
480 000480
481 000481
482 000482
483 000483
484 000484
485 000485
486 000486
487 000487
488 000488
489 000489
490 000490
491 000491
492 000492
493 000493
494 000494
495 000495
496 000496
497 000497
498 000498
499 000499
500 000500
501 000501
502 000502
503 000503
504 000504
505 000505
506 000506
507 000507
508 000508
509 000509
510 000510
511 000511
512 000512
513 000513
514 000514
515 000515
516 000516
517 000517
518 000518
519 000519
520 000520
521 000521
522 000522
523 000523
524 000524
525 000525
526 000526
527 000527
528 000528
529 000529
530 000530
531 000531
532 000532
533 000533
534 000534
535 000535
536 000536
537 000537
538 000538
539 000539
540 000540
541 000541
542 000542
543 000543
544 000544
545 000545
546 000546
547 000547
548 000548
549 000549
550 000550
551 000551
552 000552
553 000553
554 000554
555 000555
556 000556
557 000557
558 000558
559 000559
560 000560
561 000561
562 000562
563 000563
564 000564
565 000565
566 000566
567 000567
568 000568
569 000569
570 000570
571 000571
572 000572
573 000573
574 000574
575 000575
576 000576
577 000577
578 000578
579 000579
580 000580
581 000581
582 000582
583 000583
584 000584
585 000585
586 000586
587 000587
588 000588
589 000589
590 000590
591 000591
592 000592
593 000593
594 000594
595 000595
596 000596
597 000597
598 000598
599 000599
600 000600
601 000601
602 000602
603 000603
604 000604
605 000605
606 000606
607 000607
608 000608
609 000609
610 000610
611 000611
612 000612
613 000613
614 000614
615 000615
616 000616
617 000617
618 000618
619 000619
620 000620
621 000621
622 000622
623 000623
624 000624
625 000625
626 000626
627 000627
628 000628
629 000629
630 000630
631 000631
632 000632
633 000633
634 000634
635 000635
636 000636
637 000637
638 000638
639 000639
640 000640
641 000641
642 000642
643 000643
644 000644
645 000645
646 000646
647 000647
648 000648
649 000649
650 000650
651 000651
652 000652
653 000653
654 000654
655 000655
656 000656
657 000657
658 000658
659 000659
660 000660
661 000661
662 000662
663 000663
664 000664
665 000665
666 000666
667 000667
668 000668
669 000669
670 000670
671 000671
672 000672
673 000673
674 000674
675 000675
676 000676
677 000677
678 000678
679 000679
680 000680
681 000681
682 000682
683 000683
684 000684
685 000685
686 000686
687 000687
688 000688
689 000689
690 000690
691 000691
692 000692
693 000693
694 000694
695 000695
696 000696
697 000697
698 000698
699 000699
700 000700
701 000701
702 000702
703 000703
704 000704
705 000705
706 000706
707 000707
708 000708
709 000709
710 000710
711 000711
712 000712
713 000713
714 000714
715 000715
716 000716
717 000717
718 000718
719 000719
720 000720
721 000721
722 000722
723 000723
724 000724
725 000725
726 000726
727 000727
728 000728
729 000729
730 000730
731 000731
732 000732
733 000733
734 000734
735 000735
736 000736
737 000737
738 000738
739 000739
740 000740
741 000741
742 000742
743 000743
744 000744
745 000745
746 000746
747 000747
748 000748
749 000749
750 000750
751 000751
752 000752
753 000753
754 000754
755 000755
756 000756
757 000757
758 000758
759 000759
760 000760
761 000761
762 000762
763 000763
764 000764
765 000765
766 000766
767 000767
768 000768
769 000769
770 000770
771 000771
772 000772
773 000773
774 000774
775 000775
776 000776
777 000777
778 000778
779 000779
780 000780
781 000781
782 000782
783 000783
784 000784
785 000785
786 000786
787 000787
788 000788
789 000789
790 000790
791 000791
792 000792
793 000793
794 000794
795 000795
796 000796
797 000797
798 000798
799 000799
800 000800
801 000801
802 000802
803 000803
804 000804
805 000805
806 000806
807 000807
808 000808
809 000809
810 000810
811 000811
812 000812
813 000813
814 000814
815 000815
816 000816
817 000817
818 000818
819 000819
820 000820
821 000821
822 000822
823 000823
824 000824
825 000825
826 000826
827 000827
828 000828
829 000829
830 000830
831 000831
832 000832
833 000833
834 000834
835 000835
836 000836
837 000837
838 000838
839 000839
840 000840
841 000841
842 000842
843 000843
844 000844
845 000845
846 000846
847 000847
848 000848
849 000849
850 000850
851 000851
852 000852
853 000853
854 000854
855 000855
856 000856
857 000857
858 000858
859 000859
860 000860
861 000861
862 000862
863 000863
864 000864
865 000865
866 000866
867 000867
868 000868
869 000869
870 000870
871 000871
872 000872
873 000873
874 000874
875 000875
876 000876
877 000877
878 000878
879 000879
880 000880
881 000881
882 000882
883 000883
884 000884
885 000885
886 000886
887 000887
888 000888
889 000889
890 000890
891 000891
892 000892
893 000893
894 000894
895 000895
896 000896
897 000897
898 000898
899 000899
900 000900
901 000901
902 000902
903 000903
904 000904
905 000905
906 000906
907 000907
908 000908
909 000909
910 000910
911 000911
912 000912
913 000913
914 000914
915 000915
916 000916
917 000917
918 000918
919 000919
920 000920
921 000921
922 000922
923 000923
924 000924
925 000925
926 000926
927 000927
928 000928
929 000929
930 000930
931 000931
932 000932
933 000933
934 000934
935 000935
936 000936
937 000937
938 000938
939 000939
940 000940
941 000941
942 000942
943 000943
944 000944
945 000945
946 000946
947 000947
948 000948
949 000949
950 000950
951 000951
952 000952
